0.0004
0.00040002088389398693
0.00040008353539422486
0.00040018795393223993
0.00040033413866933076
0.00040052208825059883
0.00040075180100950994
0.00040102327513360516
0.00040133650815705324
0.00040169149735421627
0.00040208823942900396
0.00040252673109481327
0.0004030069685360575
0.00040352894811232433
0.0004040926642460882
0.0004046981125291371
0.0004053452883556892
0.00040603418410648033
0.00040676479726549104
0.00040753711791395375
0.00040835114073938466
0.0004092068586584679
0.0004101042642250745
0.000411043349630325
0.0004120241067026573
0.00041304652897740954
0.0004141106035014728
0.000415216323002549
0.0004163636778590904
0.00041755265808725447
0.0004187832533409907
0.0004200554529121309
0.0004213692483779214
0.0004227246230938338
0.0004241215650184922
0.0004255600675385253
0.0004270401213611118
0.0004285617018634092
0.0004301248015947945
0.00043172940695377325
0.0004333755039776842
0.0004350630783428207
0.0004367921153645565
0.0004385625999974744
0.00044037451683549486
0.00044222785011201063
0.00044412258370002535
0.00044605870111229397
0.0004480361855014625
0.0004500550196602202
0.0004521151942769894
0.00045421667507777744
0.00045635945186790023
0.00045854350600173515
0.00046076881847447864
0.00046303536992231396
0.0004653431406225787
0.0004676921104939352
0.00047008225909654747
0.0004725135656322577
0.00047498600894476674
0.0004774995675198197
0.0004800542194853929
0.0004826499426118831
0.00048528672485492064
0.00048796452234780896
0.0004906833221691876
0.0004934430896306003
0.0004962438226160755
0.0004990854858867412
0.0005019680547155295
0.0005048915273787482
0.0005078558320431041
0.0005108609659493892
0.00051390690294808
0.0005169936165345976
0.000520121079849543
0.0005232892656789273
0.0005264981464544116
0.0005297476942535431
0.0005330378808000014
0.0005363686774638437
0.0005397400552617508
0.0005431519848572862
0.0005466044365611442
0.0005500973803314114
0.0005536307857738291
0.0005572046221420561
0.000560818858337937
0.000564473462911772
0.0005681684040625911
0.0005719036496384316
0.0005756791671366168
0.0005794949237040387
0.0005833508861374454
0.0005872470208837276
0.0005911832940402124
0.0005951596713549589
0.0005991761182270536
0.0006032326320533118
0.0006073291131602375
0.0006114655579306883
0.0006156419303709059
0.000619858194139697
0.0006241143125487472
0.0006284102485629454
0.000632745964800701
0.0006371214235342707
0.0006415365866900882
0.0006459914158490944
0.0006504858722470728
0.0006550199167749823
0.0006595935099793055
0.0006642066120623857
0.0006688591828827735
0.00067355118195558
0.0006782825684528259
0.0006830533012037968
0.0006878633386954033
0.0006927126390725413
0.0006976011601384565
0.0007025288593551082
0.0007074956938435464
0.0007125016203842788
0.0007175465954176492
0.0007226305750442158
0.0007277535150251359
0.0007329154118954833
0.000738116138821149
0.0007433556913517213
0.0007486340238946193
0.0007539510905198162
0.0007593068449602323
0.0007647012406121439
0.00077013418727252
0.0007756057238860166
0.0007811157598844049
0.0007866642473214628
0.0007922511379163748
0.0007978763830541598
0.0008035399337860888
0.0008092418316196133
0.0008149818459667217
0.0008207600170627851
0.0008265762946283698
0.0008324306280524567
0.0008383229663928777
0.0008442532583767615
0.0008502214524009765
0.0008562274965325838
0.0008622713385092887
0.0008683529257398905
0.0008744722053047459
0.0008806291239562298
0.00088682362811919
0.0008930556638914245
0.000899325177044145
0.000905632113022449
0.0009119764169457927
0.0009183580336084738
0.0009247769074801084
0.0009312329827061115
0.00093772620310819
0.0009442565121848272
0.0009508238531117717
0.0009574281687425388
0.0009640694016089023
0.0009707474939213978
0.0009774623875698208
0.0009842140241237396
0.0009910023448329985
0.0009978272906282283
0.0010046888021213644
0.0010115868196061617
0.0010185212830587142
0.0010254921321379733
0.0010324993061862813
0.0010395427442298941
0.001046622384979508
0.0010537381668308005
0.0010608900278649648
0.0010680779058492417
0.0010753017382374706
0.0010825614621706283
0.0010898570144773777
0.0010971883316746136
0.0011045553499680221
0.0011119580052526324
0.0011193962331133701
0.0011268699688256262
0.0011343791473558138
0.001141923703361936
0.0011495035711941558
0.0011571186848953656
0.0011647689782017627
0.001172454384543422
0.0011801748370448813
0.001187930391879612
0.0011957207354085326
0.0012035459226423767
0.0012114058854893624
0.0012193005555551002
0.0012272298641431954
0.0012351937422558407
0.0012431921205944192
0.0012512249295601027
0.0012592920992544653
0.0012673935594800854
0.001275529239741157
0.0012836990692441051
0.0012919029768982046
0.0013001408913161884
0.0013084127408148818
0.0013167184534158176
0.0013250579568458657
0.001333431178537858
0.0013418380456312272
0.0013502784849726364
0.0013587524231166107
0.001367259786326187
0.001375800500573548
0.00138437449154067
0.001392981684619963
0.0014016220049149312
0.0014102953772408165
0.0014190017261252518
0.001427740975808923
0.0014365130502462277
0.0014453178731059298
0.0014541553677718342
0.001463025457343446
0.0014719280646366426
0.0014808631121843426
0.0014898305222371842
0.0014988302167642002
0.0015078621174534922
0.0015169261457129198
0.0015260222226707817
0.0015351502691764952
0.0015443102058012971
0.0015535019528389261
0.0015627254303063197
0.001571980557944307
0.0015812672552183112
0.0015905854413190514
0.001599935035163236
0.0016093159553942807
0.0016187281203830105
0.0016281714482283707
0.001637645856758135
0.0016471512635296299
0.0016566875858304464
0.001666254740679157
0.0016758527973858527
0.0016854813677996256
0.0016951405202088262
0.0017048301705632108
0.0017145502345471538
0.0017243006275803766
0.0017340812648186943
0.001743892061154747
0.0017537329312187421
0.001763603789379194
0.0017735045497436763
0.0017834351261595644
0.0017933954322147815
0.00180338538123856
0.0018134048863021888
0.0018234537005117916
0.0018335322155489846
0.0018436397039540908
0.0018537767193954424
0.001863942530190843
0.0018741376932034095
0.0018843614725539018
0.0018946144282808398
0.0019048958203335446
0.001915206211906448
0.0019255448588031982
0.00193591232735453
0.0019463078692443189
0.0019567320539198995
0.001967184461167047
0.001977664666942976
0.0019881732453327426
0.0019987094378350143
0.00200927382160169
0.0020198656341034516
0.0020304854555389506
0.0020411325193774154
0.0020518074088440594
0.0020625093534333452
0.0020732389393767403
0.0020839953922207584
0.0020947793011827256
0.0021055898878881547
0.00211642774451972
0.002127292088809035
0.0021381835158835083
0.0021491012396080756
0.0021600458580341656
0.0021710165811874077
0.00218201401002243
0.0021930373507530448
0.002204087207216174
0.0022151627818414376
0.0022262646813270277
0.00223739210434614
0.0022485456604371206
0.002259724544544628
0.002270929369025943
0.0022821593251252156
0.0022934150279973454
0.0023046956652141184
0.00231600185470665
0.0023273327804026384
0.002338689062987899
0.00235006988277445
0.0023614758631812114
0.0023729061809330443
0.00238436146216027
0.002395840880029256
0.0024073450633599323
0.0024188731817889456
0.0024304258668039467
0.002442002284540773
0.0024536030691328092
0.0024652273832441026
0.0024768758636317125
0.0024885476695170328
0.002500243440258629
0.002511962331664518
0.0025237049856725166
0.002535470554706637
0.002547259683261607
0.0025590715204069454
0.002570906713171851
0.0025827647840259804
0.0025946452523354377
0.0026065487688889007
0.0026184744744994493
0.0026304230224337764
0.0026423935502546255
0.002654386713683962
0.0026664016470642196
0.002678439008549813
0.00269049792929299
0.002702579069857706
0.002714681558236273
0.0027268060573791913
0.0027389516921491816
0.0027511191278602252
0.0027633074862759084
0.002775517435050528
0.002787748092879114
0.002800000129733043
0.002812272661269453
0.0028245663597534798
0.0028368803378351634
0.0028492152700499954
0.002861570266071793
0.0028739460026829334
0.0028863415866120052
0.002898757696864706
0.0029111934372554873
0.0029236494889897427
0.0029361249529989706
0.002948620512664548
0.0029611352660663245
0.0029736698987378714
0.002986223505938774
0.0029987967753309394
0.0030113887993851894
0.003024000267867824
0.0030366302704924824
0.0030492794991058636
0.003061947040696103
0.0030746335891662087
0.0030873382288106005
0.0031000616555644464
0.0031128029510603156
0.0031255628132413104
0.0031383403211101236
0.003151136174593495
0.003163949450096293
0.0031767808495045424
0.0031896294466574266
0.0032024959453758237
0.003215379416965479
0.0032282805671576195
0.003241198464756872
0.0032541338173802553
0.003267085691363689
0.003280054796185352
0.003293040608165297
0.0033060426013571446
0.003319061487984506
0.0033320963283538798
0.003345147836488178
0.0033582150703393055
0.0033712987457046235
0.0033843979182142307
0.003397513305415026
0.0034106439606481713
0.003423790603185128
0.003436952284111068
0.0034501297243969826
0.003463321972905084
0.003476529752280795
0.0034897521091964753
0.003502989767946828
0.003516241773047541
0.0035295088504173843
0.0035427900424486376
0.0035560860766588698
0.003569395993350275
0.0035827205216139068
0.0035960586996952788
0.003609411258233548
0.003622777233451022
0.0036361573575095325
0.0036495506646417285
0.003662957888506627
0.0036763780613808363
0.003689811918395025
0.003703258489903441
0.003716718512482818
0.003730191014598791
0.0037436767342485244
0.0037571746980428573
0.0037706856453736926
0.003784208601030956
0.003797744305775557
0.0038112917826104466
0.0038248517736397558
0.003838423300113474
0.0038520071054531204
0.003865602209189785
0.0038792093560365065
0.0038928275638395998
0.003906457578577699
0.003920098416446532
0.003933750824664364
0.003947413817810579
0.003961088144317061
0.003974772817181151
0.003988468586022308
0.0040021744622901765
0.004015891196765697
0.0040296182352296634
0.004043355022065071
0.00405710230974608
0.0040708591060037436
0.0040846261644082995
0.004098402491263767
0.00411218884121023
0.004125984219159258
0.004139789380794518
0.004153603329669767
0.004167426822485946
0.004181258861473684
0.004195100204324865
0.004208949851981712
0.00422280856310068
0.004236675337370361
0.0042505509343853725
0.0042644343526154985
0.004278326352567078
0.004292225931525942
0.0043061338508836805
0.004320049106777079
0.0043339724614564765
0.0043479029099445475
0.004361841215323854
0.004375786371537937
0.0043897391424750215
0.004403698521034534
0.004417665271883772
0.004431638386913102
0.004445618631542279
0.004459604996687699
0.004473598248494929
0.004487597376941522
0.00450160314887219
0.004515614553360791
0.004529632357924499
0.004543655550768662
0.0045576849000562
0.004571719393159169
0.004585759798859496
0.004599805103731195
0.004613856077148435
0.004627911704922465
0.004641972756992923
0.004656038218443584
0.004670108859752758
0.004684183665312076
0.004698263406111699
0.004712347065886465
0.004726435416111552
0.004740527439900374
0.004754623909186273
0.004768723806496637
0.004782827904196101
0.004796935184261444
0.004811046419461714
0.004825161039294534
0.004839278472798385
0.0048533994932985014
0.004867523081550183
0.004881650011215809
0.004895779262624161
0.004909911609747837
0.004924046032524588
0.004938183305210289
0.0049523224073871695
0.00496646411356743
0.004980607403013297
0.0049947530504663405
0.005008900034904308
0.005023049131271174
0.005037199318295746
0.0050513513710974305
0.005065504268191639
0.005079658784846236
0.00509381389939879
0.005107970387238631
0.005122127226561055
0.005136285192849867
0.0051504432641936515
0.005164602216143702
0.005178761026717454
0.0051929204715067
0.005207079977901246
0.005221238973282548
0.0052353977838562995
0.005249556286421869
0.005263715256518974
0.005277872773438946
0.0052920296127613705
0.005306185651302758
0.005320341664420937
0.005334495731808362
0.005348648628902572
0.005362800232554385
0.005376951317831782
0.005391099965095694
0.005405246949533662
0.0054193921480479475
0.005433536335308782
0.005447677592612833
0.005461816694789714
0.005475953518810273
0.005490088838839138
0.005504220737375841
0.005518349988784193
0.005532476470120762
0.005546600954936781
0.005560721527201616
0.005574838960705468
0.005588953132607732
0.005603064815738557
0.0056171720958039005
0.005631275745912616
0.005645376538283418
0.005659472560099628
0.0056735645838884505
0.00568765248703038
0.005701737040834828
0.005715816334687925
0.0057298911402472435
0.005743961335043102
0.005758027689368217
0.005772088295077537
0.0057861439228515665
0.005800194450387496
0.005814240646854109
0.005828280606840832
0.005842315099943802
0.005856344004044111
0.005870368087079519
0.005884385446639211
0.005898396851127812
0.005912402178627316
0.005926402195737546
0.005940395003312302
0.005954381368457723
0.005968361169473672
0.0059823351715153125
0.005996301478965468
0.006010260857524981
0.00602421318572854
0.0060381592271801085
0.006052097090055454
0.006066027538543526
0.006079950451430738
0.00609386659066355
0.00610777406847406
0.0061216736474329235
0.006135565206595166
0.006149449506143654
0.006163324662629641
0.0061771914368993226
0.00619104970829317
0.0062049002351246265
0.006218741138526318
0.006232573177514056
0.0062463962317305536
0.006260211057514254
0.006274015780840744
0.006287811158789772
0.006301597071323053
0.006315374272698731
0.006329140893996258
0.006342897690253922
0.0063566445417691485
0.006370382200614769
0.006384108803234304
0.006397825102519459
0.00641153184883534
0.00642522718281885
0.006438911855682941
0.006452585748352607
0.006466249608824616
0.006479901583553469
0.006493542421422302
0.006507172003737536
0.006520791076023453
0.006534397790810216
0.006547992894546881
0.006561576268937816
0.006575148656931031
0.006588708217389555
0.006602255694224446
0.006615790969554485
0.006629314783647974
0.006642825301957145
0.006656323265751478
0.006669808557580589
0.00668328191493
0.006696741510096561
0.006710188081604978
0.006723621512452043
0.0067370425372378345
0.006750449335358273
0.006763842642490469
0.0067772223420946905
0.0067905891657832835
0.006803941300304723
0.0068172794783860945
0.006830603583967367
0.0068439143455713
0.006857209957551365
0.0068704911495826165
0.006883757806100876
0.006897010652437892
0.006910247890803526
0.006923470247719207
0.0069366776081327
0.006949870694083761
0.006963047715888933
0.006976209396814873
0.006989355622337311
0.00700248711110348
0.007015602081785772
0.007028701254295379
0.0070417845146519345
0.0070548525780100985
0.007067903671646123
0.007080938512015495
0.007093956985697631
0.007106959804255045
0.007119945203814649
0.007132913897276492
0.007145866593443928
0.00715880153524313
0.007171719432842383
0.007184620173838655
0.0071975044632701345
0.007210370553342575
0.007223219150495461
0.007236050142928765
0.007248864231817345
0.007261659678889879
0.00727443718675869
0.007287196644242327
0.007299938748554693
0.0073126617711894
0.007325366410833793
0.007338052556940468
0.007350720902665311
0.007363369729507518
0.007375999732132177
0.00738861080064133
0.007401203624036334
0.007413776494061228
0.007426330101262131
0.007438864336405828
0.007451379884243224
0.0074638750470010316
0.00747635051101026
0.0074888061677176425
0.007501242697528304
0.007513658413387997
0.007526053997317068
0.007538429341457313
0.007550785121773346
0.007563119662164839
0.007575433640246521
0.007587726948870272
0.007600000259466077
0.0076122519071208875
0.0076244825649494745
0.0076366921265287125
0.007648881258660486
0.00766104830785082
0.00767319394262081
0.007685318057287151
0.0076974213139307844
0.007709502070707012
0.007721560991450189
0.007733597971231534
0.007745613667318874
0.007757606449745377
0.007769576977566226
0.007781525146621779
0.007793451609275237
0.007805354747664565
0.00781723521597402
0.007829093662828678
0.007840928479593055
0.007852740316738393
0.007864529071485868
0.00787629538739744
0.007888037668335483
0.007899756559741372
0.007911451959645039
0.007923124506455733
0.007934772616755898
0.007946396930867192
0.007957997347642493
0.00796957450024946
0.007981126818211054
0.00799265493664007
0.008004158755226413
0.008015638901807997
0.008027093819066957
0.00803852413681879
0.008049929755604405
0.008061311297844554
0.008072667219597363
0.00808399814529335
0.008095303976338269
0.00810658532964906
0.008117840674874786
0.008129070630974058
0.008140275100231196
0.00815145469397344
0.00816260789565386
0.008173735318672973
0.008184836866207279
0.008195913143909203
0.008206962649246956
0.008217985989977571
0.008228983070183202
0.008239954489757137
0.008250898760391924
0.008261816484116493
0.008272707565932003
0.008283572599889091
0.008294410112111846
0.008305220698817277
0.00831600426593878
0.008326761401601629
0.008337490646566656
0.008348192591155941
0.008358867142248214
0.008369514881961505
0.008380134365896548
0.00839072617839831
0.008401290227303819
0.008411827088642809
0.008422335333057024
0.008432815538832954
0.008443267614778755
0.008453692130755681
0.008464087672645471
0.008474454812595634
0.008484794115788924
0.008495104179666455
0.00850538557171916
0.00851563820248514
0.008525862630840389
0.008536057469809158
0.008546223280604557
0.008556359974770408
0.00856646810479813
0.00857654629948821
0.00858659511369781
0.008596614459988777
0.008606604884391047
0.008616565031672239
0.008626495450256323
0.008636396053735342
0.008646267381601723
0.008656108094778906
0.008665918735181306
0.008675699217443199
0.008685450074444392
0.00869516998345058
0.008704859479791174
0.008714518479154566
0.008724147507733758
0.008733745259320844
0.008743312262585711
0.008752848434282605
0.008762354293844457
0.00877182855177163
0.008781271730000872
0.008790683746363874
0.008800065113461182
0.00880941455868095
0.00881873259715413
0.008828019147801288
0.008837274716319229
0.008846498047161073
0.008855689648580254
0.00886484944059751
0.008873977921935488
0.00888307385428708
0.008892137738957442
0.008901169497078622
0.008910169620329669
0.008919136887815659
0.008928071793823666
0.00893697426060803
0.008945844772735755
0.00895468212689407
0.008963486810283161
0.008972258746290478
0.008980998412303513
0.008989704622759184
0.008998377857702954
0.009007018589093991
0.009015625644789997
0.009024199499426452
0.009032740078399324
0.00904124784637262
0.009049721649240951
0.009058161954368772
0.009066568688314113
0.009074942308381125
0.009083281678662004
0.009091587259185118
0.009099858977680779
0.009108097284029618
0.009116301060679564
0.009124470760258845
0.009132606311680115
0.009140708157337862
0.009148775198191326
0.00915680787940558
0.009164806131085532
0.009172770388077912
0.009180699570006301
0.009188594114510638
0.009196453952897803
0.009204279512406242
0.00921206973147428
0.0092198250401558
0.009227545370969214
0.009235231143485203
0.009242881315104635
0.009250496308235453
0.009258076056617007
0.009265620972093791
0.009273130031174375
0.009280603648561953
0.009288041759226035
0.009295444767227592
0.009302811668325387
0.009310142869460133
0.009317438306840552
0.009324698376687836
0.00933192209415076
0.009339109858350894
0.009346261606745053
0.009353377727659493
0.009360457255770107
0.009367500582323763
0.009374507646034078
0.009381478827278297
0.009388413180393839
0.00939531108869839
0.009402172492170905
0.009408997763186662
0.009415785975876261
0.009422537505574846
0.009429252718622114
0.009435930704078369
0.00944257183125746
0.009449176042372682
0.009455743695671773
0.009462273900231978
0.00946876701729389
0.009475222990358684
0.009481642169532274
0.009488023684032882
0.00949436788697755
0.009500674723163209
0.00950694453450519
0.009513176470483935
0.009519370876043771
0.009525527697285064
0.00953164726788497
0.009537728757704558
0.009543772503467416
0.009549778452584852
0.009555746930449386
0.009561677127418294
0.009567569371947544
0.009573423612766705
0.009579240166938363
0.009585018245428716
0.009590758168380386
0.009596459885848346
0.0096021237065211
0.009607748862083626
0.00961333566432062
0.009618884064619417
0.009624394363251463
0.00962986581272748
0.009635298716430842
0.009640693027087997
0.009646049036511539
0.009651366018142002
0.009656644266919189
0.009661883736915261
0.009667084711443317
0.009672246484974863
0.009677369343965075
0.00968245324383821
0.009687498459368437
0.009692504306156454
0.009697471062132928
0.009702398684080423
0.009707287438195919
0.009712136661304598
0.009716946622773918
0.009721717280750762
0.009726448892817869
0.009731140817117226
0.009735793314415589
0.009740406635811362
0.009744980155493044
0.009749514127752929
0.009754008513139376
0.009758463554074578
0.009762878646218272
0.0097672540351993
0.009771589682945907
0.00977588582317032
0.009780141873087652
0.009784358069629094
0.009788534376108084
0.009792671017494335
0.009796767432639483
0.009800823849744077
0.009804840233511854
0.0098088168001387
0.009812753010190889
0.009816649083106565
0.009820504984984673
0.009824320923217169
0.009828096380160078
0.00983183156645858
0.009835526449611548
0.009839181228178142
0.009842795406376198
0.009846369186028606
0.009849902536038698
0.009853395646105186
0.00985684804237674
0.009860259917825876
0.0098636312427647
0.009866962198005069
0.009870252331692466
0.009873501827922153
0.009876710658419155
0.009879878995083297
0.009883006408119782
0.00988609307272099
0.009889138962028797
0.009892144239007071
0.009895108495980569
0.009898031899214397
0.009900914423271024
0.009903756222155669
0.0099065569103694
0.009909316645226905
0.00991203540271479
0.009914713327858173
0.009917350057388117
0.009919945739646984
0.009922500352048853
0.009925014030618566
0.009927486434367742
0.00992991770264577
0.009932307814297351
0.009934656896328104
0.009936964630077686
0.009939231145883106
0.009941456563973853
0.009943640582464988
0.009945783324922223
0.009947884772700826
0.009949945036980943
0.009951963838281272
0.009953941291124214
0.009955877378303278
0.009957772201933793
0.009959625504977
0.009961437392896042
0.009963207849925071
0.009964936969100379
0.009966624515861531
0.009968270586597742
0.00996987516698599
0.009971438340970579
0.009972959896502062
0.009974439920882297
0.009975878401233087
0.009977275412395063
0.009978630764859282
0.009979944536828097
0.009981216716869924
0.009982447370711304
0.009983636331410181
0.00998478366805851
0.009985889370672926
0.009986953495856715
0.009987975899257958
0.009988956640848597
0.009989895712094861
0.00999079316046891
0.009991648864229064
0.009992462874218889
0.00999323518335541
0.009993965829973049
0.0099946547149573
0.009995301880016296
0.009995907319518828
0.009996471062656246
0.00999699303295503
0.009997473262982053
0.00999791174855867
0.009998308509729093
0.009998663492671426
0.009998976720806758
0.009999248191409587
0.009999477915374193
0.009999665861537802
0.009999812044172461
0.00999991646200618
0.009999979116781797
0.01
0.009999997582676445
0.009999990331936211
0.009999978245945536
0.009999961325329685
0.009999939573166234
0.009999912983971444
0.009999881564508326
0.009999845306807753
0.009999804214637519
0.009999758294125515
0.009999707533700823
0.009999651938914517
0.009999591517767597
0.009999526254984972
0.0099994561672865
0.009999381236803101
0.009999301472388668
0.009999216884886574
0.009999127453234441
0.00999903318764495
0.009998934101327007
0.009998830169018251
0.009998721417414107
0.00999860781878802
0.009998489387036272
0.009998366137814144
0.00999823804043245
0.009998105109714526
0.009997967364515015
0.009997824768895502
0.009997677360330743
0.009997525100361095
0.009997368008593148
0.009997206105270202
0.009997039350078155
0.009996867763111648
0.009996691366885196
0.009996510117475954
0.009996324060360022
0.009996133149208981
0.009995937406570116
0.009995736859768563
0.009995531456480647
0.009995321223480288
0.00999510618754464
0.00999488629512953
0.009994661601406721
0.009994432050427242
0.009994197670194398
0.009993958491130108
0.00999371445294523
0.009993465587667463
0.009993211924580924
0.009992953403542826
0.009992690086340322
0.009992421910541662
0.009992148905823069
0.009991871110719395
0.00999158845275249
0.009991300968253077
0.009991008696084006
0.009990711559989986
0.009990409600022655
0.00999010285152017
0.009989791241753343
0.009989474845197662
0.009989153586836419
0.009988827502399626
0.009988496637737862
0.009988160906526862
0.009987820352097597
0.009987475020311424
0.009987124821069525
0.009986769846405811
0.009986410003705594
0.009986045341664546
0.009985675902770193
0.009985301599429636
0.009984922473422508
0.009984538577909749
0.009984149812731073
0.009983756280055687
0.009983357877208922
0.009982954655788146
0.009982546669918678
0.009982133813154935
0.009981716141500634
0.00998129370348741
0.009980866398956427
0.009980434330034498
0.00997999739427933
0.00997955564061372
0.009979109130830017
0.009978657748431562
0.009978201552003853
0.009977740602657952
0.009977274780129842
0.009976804206839737
0.009976328760012683
0.009975848501408374
0.009975363498211777
0.009974873615179666
0.00997437892763638
0.00997387948999375
0.00997337518383655
0.009972866129695168
0.00997235220687434
0.009971833476178579
0.009971310000705873
0.0099707816563417
0.009970248499247162
0.009969710613372297
0.009969167845573843
0.009968620279410749
0.009968067975009032
0.009967510801418913
0.009966948891806222
0.009966382112943813
0.009965810531979143
0.009965234218350386
0.009964653035415248
0.009964067045046932
0.009963476339419824
0.009962880750352177
0.009962280448543467
0.009961675263079789
0.009961065287239201
0.009960450587891707
0.009959831019293867
0.009959206654928226
0.009958577570565019
0.009957943617050161
0.00995730494590007
0.009956661405687663
0.00995601306502741
0.00995536002579938
0.009954702102074617
0.009954039395343223
0.009953371978173184
0.009952699692321813
0.009952022698467053
0.009951340836095612
0.009950654186165794
0.009949962831919677
0.009949266609439164
0.009948565593034185
0.009947859892784383
0.009947149307767512
0.009946434041641593
0.009945713890760849
0.009944988966305118
0.009944259347565338
0.009943524861551013
0.009942785595535823
0.009942041639073614
0.00994129281577446
0.009940539304608932
0.009939780926921708
0.009939017763742428
0.009938249934824447
0.009937477221556657
0.009936699743303799
0.009935917585035411
0.009935130561304026
0.009934338860210215
0.009933542294043933
0.009932740957529242
0.00993193494766577
0.009931124073350908
0.009930308421289917
0.009929488119406402
0.009928662934149507
0.009927832993054907
0.0099269983867608
0.009926158917384442
0.00992531478556104
0.009924465791149374
0.009923612035165653
0.00992275362089747
0.009921890344817278
0.009921022299295826
0.009920149620411997
0.009919272059702515
0.009918389868681654
0.0099175027961779
0.009916610979364153
0.009915714515564191
0.009914813192229036
0.009913907116655227
0.009912996398406232
0.009912080821553388
0.009911160604921766
0.00991023553033066
0.009909305696832389
0.009908371250123275
0.009907431924153918
0.009906487864234368
0.009905539173333075
0.009904585626518166
0.00990362746312319
0.009902664421666976
0.009901696639606291
0.009900724257110605
0.009899746997329687
0.009898765023196466
0.00989777840663035
0.0098967869606852
0.009895790875121345
0.009894789961198443
0.009893784290516046
0.009892774032459127
0.009891758899393786
0.009890739036269117
0.009889714590740879
0.009888685271135808
0.00988765137246321
0.009886612600358386
0.009885569128065362
0.009884521031952417
0.00988346811342413
0.00988241044784602
0.009881348213314914
0.009880281107398517
0.009879209435935924
0.009878132893808022
0.009877051634796519
0.009875965815382245
0.009874875126417975
0.009873779749850495
0.009872679765802797
0.009871574965847636
0.009870465429107663
0.009869351342370733
0.009868232388441535
0.009867108888019126
0.009865980521227996
0.009864847449304055
0.009863709836175611
0.009862567357949076
0.009861420205252715
0.009860268461954856
0.009859111909820811
0.009857950770211833
0.009856784823112795
0.009855614152074635
0.009854438954128127
0.009853258894678793
0.00985207414239788
0.009850884868641998
0.009849690734809088
0.00984849208314523
0.009847288572378356
0.009846080403367789
0.009844867664395483
0.009843650125669158
0.009842427874476131
0.00984120111648922
0.00983996950243411
0.009838733385298943
0.009837492413144725
0.009836246763404399
0.009834996616187532
0.009833741615560589
0.0098324819710144
0.009831217774554295
0.009829948786637727
0.009828675250145883
0.009827396923766446
0.009826113899189243
0.009824826392269281
0.00982353403643622
0.00982223701651416
0.00982093551999612
0.00981962917632873
0.009818318359918095
0.009817002697557349
0.0098156824089065
0.009814357590357304
0.009813027990880414
0.0098116937058792
0.009810354959796907
0.009809011371474724
0.009807663133106296
0.009806310439546152
0.009804952905664441
0.009803590920538703
0.009802224096393653
0.009800852661466044
0.00979947671584696
0.009798095998819388
0.009796710609489083
0.009795320780861268
0.009793926117233254
0.009792527018324185
0.009791123085791996
0.009789714520510721
0.00978830152600537
0.009786883699977619
0.00978546127921425
0.009784034367493973
0.009782602694442618
0.009781166534078907
0.009779725614276221
0.009778280038500854
0.009776830049841492
0.009775375235467081
0.009773915803571039
0.00977245196498904
0.009770983302946774
0.009769510238371788
0.009768032351863003
0.009766549890275984
0.009765062961731834
0.009763571284484273
0.009762074965676123
0.009760574256897291
0.00975906873087603
0.009757558819105332
0.009756044091693231
0.009754524765451833
0.009753001059824802
0.009751472540992887
0.009749939464299959
0.009748401941527705
0.009746859681343143
0.009745312978931109
0.00974376154121924
0.009742205479679142
0.009740645055909575
0.009739079825637136
0.00973751001293907
0.009735935844514798
0.009734356872177635
0.009732773548470734
0.009731185422600779
0.009729592759904673
0.009727995676473334
0.009726393869688103
0.009724787454669212
0.009723176701451145
0.009721561151431041
0.009719941035925068
0.009718316588861882
0.009716687347739799
0.009715053779509313
0.009713415419071825
0.009711772540186103
0.009710125262574561
0.009708473274107645
0.00970681669354074
0.009705155799312474
0.00970349011854417
0.009701820128630146
0.009700145354102067
0.009698466034796217
0.009696782413149519
0.009695094009812501
0.00969340110693377
0.009691703827853226
0.009690001850966936
0.00968829550202912
0.009686584457717265
0.009684868841064903
0.00968314894040072
0.00968142426604612
0.00967969506501619
0.009677961586916289
0.009676223338202146
0.009674480817066502
0.009672733527390414
0.009670981761195093
0.009669225646077013
0.009667464849283863
0.009665699497453472
0.009663929887246334
0.009662155514830885
0.009660376888753139
0.0096585935026146
0.009656805611877033
0.009655013474579855
0.009653216580477745
0.009651415229908476
0.009649609554053981
0.009647799210771083
0.009645984546555063
0.009644165217559612
0.009642341354663042
0.009640513264327674
0.00963868042607188
0.009636843102472096
0.00963500155867139
0.009633155270357747
0.009631304546150368
0.009629449520801308
0.00962758984281654
0.009625725868133888
0.009623857243563596
0.00962198410355541
0.009620106762826486
0.00961822468687295
0.009616338190314218
0.009614447410488908
0.009612551989128169
0.009610652289011014
0.009608747950178357
0.009606839064177785
0.00960492608817601
0.009603008295339568
0.009601086143055763
0.009599159725645578
0.009597228678087476
0.009595293369979248
0.009593353434614723
0.009591409057946785
0.009589460427624092
0.009587507174416154
0.009585549392250953
0.009583587549976678
0.00958162090219318
0.00957965019978658
0.00957767469399033
0.009575694855990018
0.009573710782903436
0.009571722098784331
0.009569728994277332
0.009567731661714858
0.009565729722638219
0.00956372356021367
0.00956171279430942
0.009559697521652444
0.00955767822482546
0.009555654136598517
0.009553625739772666
0.009551593133819859
0.009549555933597733
0.009547514529021438
0.009545468533281429
0.00954341814253832
0.009541363554630812
0.009539304380251364
0.009537240718482998
0.009535173063468502
0.00953310062960427
0.009531024208166629
0.009528943010221181
0.009526857532223381
0.00952476787641234
0.009522673646835768
0.00952057504429666
0.009518472271267687
0.009516364929311091
0.009514253119854361
0.009512137348542535
0.009510016811490265
0.009507892318340162
0.00950576306189303
0.009503629550094808
0.009501491887513026
0.009499349669098968
0.009497203100274526
0.009495052388122649
0.00949289712512197
0.009490737723784568
0.009488573774942626
0.009486405382779046
0.00948423306645603
0.009482056000604002
0.009479874704599977
0.009477689285327658
0.009475499328689302
0.00947330525383726
0.009471106645033712
0.009468903713128191
0.009466696670620877
0.009464485099316808
0.00946226910571711
0.009460049220355442
0.009457824599788426
0.009455596093398815
0.009453362854467674
0.009451125415802984
0.009448883887009603
0.009446637843358037
0.00944438750026359
0.009442133074783164
0.009439874139743584
0.009437611127499497
0.009435343609250683
0.009433071694221896
0.009430795926305644
0.009428515440826015
0.009426230781887769
0.009423942061384322
0.009421648845644198
0.009419351573583291
0.009417049809909756
0.009414743775402256
0.009412433692470133
0.009410119123394112
0.00940780017968965
0.009405477416483583
0.00940314995124419
0.009400818672621372
0.009398482694847974
0.009396142575297303
0.009393798428550513
0.009391449810433857
0.009389096946236084
0.009386740062867188
0.009384378713740052
0.009382013012647775
0.009379643525886598
0.009377269353172225
0.009374891400987942
0.009372508765833025
0.009370122016236984
0.009367731269040627
0.009365336071240252
0.009362936652608355
0.009360533244529028
0.009358125391599555
0.009355713554677108
0.009353297276761863
0.009350876674321487
0.009348452326766874
0.00934602331296942
0.00934359021254833
0.009341153144590397
0.009338711647314962
0.009336266188018645
0.009333816303330779
0.00933136222828812
0.009328904199527374
0.00932644175129619
0.0093239750023105
0.009321504543004375
0.009319029434729096
0.009316550622506168
0.009314067164513192
0.009311579653387822
0.009309088210853201
0.009306592364825667
0.00930409235476639
0.009301588421726448
0.009299080091255456
0.009296567843441739
0.009294051202259406
0.009291530289063498
0.009289005707226287
0.009286476497535244
0.009283943263568118
0.009281406129263299
0.009278864613879355
0.009276319203856121
0.009273769416884067
0.009271215497617051
0.009268657692286728
0.009266095516234873
0.009263529093034146
0.009260959036927644
0.009258384371424934
0.009255805710973241
0.009253223181711704
0.009250636294297362
0.009248045543854146
0.009245450439481329
0.009242851230195406
0.00924024816658021
0.009237640755401889
0.009235029122436265
0.009232413892725399
0.00922979407261519
0.009227170662379597
0.009224542665256338
0.009221910708445576
0.009219274920668288
0.00921663480248997
0.009213990607260629
0.009211342589886961
0.009208690248617183
0.009206034091102934
0.00920337361405002
0.009200708945819014
0.009198040724119975
0.009195367935164551
0.00919269121686392
0.00919001070010728
0.00918732587698479
0.009184637261365043
0.009181944343803615
0.009179247382733654
0.009176546638132204
0.009173841598256615
0.009171132393638188
0.009168419672624798
0.009165702404520611
0.009162981626806226
0.00916025630572467
0.009157527091749263
0.009154794118311868
0.009152056867563053
0.009149315602204156
0.009146570586469375
0.009143821300227475
0.009141068269685129
0.009138310973192442
0.009135549543826409
0.009132784642408943
0.009130015218418315
0.009127241932874425
0.009124464921343632
0.00912168365763207
0.009118898674066825
0.009116109442943474
0.00911331623196791
0.0091105193103656
0.009107718148170085
0.009104912880595452
0.009102104178934334
0.009099290976023144
0.00909647394335104
0.00909365321860301
0.00909082826730232
0.00908799963013775
0.009085166771133305
0.009082329962195372
0.009079489476738497
0.009076644776541647
0.009073795998940183
0.009070943825618934
0.00906808717289729
0.009065227131474314
0.009062362614679922
0.009059494306274627
0.009056622346426457
0.009053746190950548
0.009050866115921971
0.009047982398912361
0.009045094493509081
0.00904220295245017
0.00903930722784048
0.009036407459501586
0.009033504341297056
0.009030596770189822
0.009027685440236697
0.009024770493688876
0.009021851378216284
0.009018928652530497
0.00901600176282743
0.009013070990067101
0.009010136616692144
0.009007198086691454
0.009004255541972506
0.009001309686615513
0.008998359401345465
0.00899540581261128
0.008992447798199663
0.008989486064230964
0.008986520755396831
0.008983551309824436
0.008980578012571388
0.008977601150165946
0.008974620158546089
0.008971635608266337
0.008968646933807955
0.008965654279522148
0.008962658361457022
0.008959658041316284
0.008956654035337894
0.008953646490260042
0.008950634836206893
0.008947619649601678
0.008944600359120633
0.008941577254620933
0.00893855062741603
0.008935519904014366
0.00893248523081651
0.008929447333905972
0.008926405059036637
0.008923359132480274
0.008920309703004453
0.008917256192797
0.008914199186292313
0.0089111381042425
0.00890807324052897
0.00890500489047704
0.00890193247268942
0.008898856135598925
0.008895776615239517
0.00889269274155029
0.008889605691985585
0.008886514293623787
0.008883419284485133
0.008880320815713098
0.008877218300203438
0.008874112035827402
0.008871002321887627
0.00886788856914911
0.008864771373576526
0.008861650144517234
0.008858525032783377
0.008855396786057412
0.008852264215764898
0.008849128069773013
0.008845988501216337
0.008842844915202949
0.00883969791340754
0.008836546899529726
0.008833392176111052
0.008830234047109437
0.008827071914116089
0.008823905929937202
0.008820736852016332
0.008817563476265266
0.008814387014311137
0.008811206259260174
0.008808021970503925
0.008804834303506967
0.008801642654263593
0.008798447329228567
0.008795248636260133
0.008792045969263366
0.008788839941220901
0.00878562994464795
0.008782416134684227
0.008779199280194784
0.008775978158938737
0.008772753539962208
0.008769525580681501
0.008766293669456238
0.008763058116618552
0.008759819233891002
0.008756576407563423
0.008753330258304853
0.008750080171028246
0.008746826302828073
0.008743569432135685
0.00874030832150609
0.008737043749550005
0.008733775875617045
0.00873050408050372
0.008727228990423634
0.008723949984805968
0.008720667378518334
0.00871738148780316
0.0087140916900431
0.008710798144268997
0.008707501638387447
0.008704200919894097
0.008700897249036839
0.008697589370588996
0.008694278074347363
0.008690963521922303
0.008687645085265603
0.008684323083042445
0.008680997835279427
0.008677668711901754
0.008674336350095511
0.00867100011843792
0.00866766017822425
0.008664317328440158
0.008660970298972972
0.008657619888983925
0.008654266261975728
0.008650908782496225
0.008647548093158796
0.008644183557173099
0.008640815497644266
0.008637444239022773
0.008634069142515598
0.008630690371313492
0.00862730873367484
0.008623922944749554
0.00862053429726628
0.008617141503711553
0.00861374537419302
0.008610346074425115
0.008606942960301516
0.008603536358643023
0.008600126597602039
0.008596713031090018
0.00859329631245526
0.008589875794290876
0.008586451642003116
0.008583024674687
0.008579593590269479
0.008576159208017261
0.008572721695495106
0.008569280401356063
0.008565835656098367
0.008562387791537956
0.008558936154366351
0.008555481405218482
0.008552022889481363
0.00854856077441479
0.008545095888178821
0.008541626914293145
0.008538154681087685
0.008534679523507236
0.008531200286392492
0.008527718298151566
0.008524232235806254
0.008520742765575278
0.008517250556276263
0.008513754281047533
0.008510254941433936
0.008506752208097053
0.008503246084423384
0.008499736573802706
0.008496223679628071
0.00849270707031547
0.008489187754205492
0.00848566439413724
0.008482137663478445
0.008478608238167294
0.008475074777201915
0.008471538629693643
0.008467998452086511
0.008464455258514086
0.008460908715498252
0.00845735882646787
0.008453805256357411
0.00845024902409504
0.008446688778493607
0.008443125878891084
0.008439558971567082
0.008435988738236491
0.008432415863150687
0.00842883898879909
0.008425259139837937
0.008421675979328825
0.008418089510736006
0.008414499737526943
0.00841090666317228
0.008407309948542569
0.008403710624924732
0.008400107324759109
0.008396500736736656
0.008392891552055718
0.008389278399409925
0.008385662313858303
0.008382042955041576
0.008378420326459
0.00837479443161299
0.00837116527400912
0.008367532511122464
0.008363897184565868
0.008360257913100383
0.008356615392312468
0.008352970320266575
0.008349321312020961
0.008345669760804088
0.008342014279212454
0.008338355914443067
0.008334694322145172
0.008331029505858855
0.00832736111970379
0.00832369021549689
0.008320015398481503
0.008316338071740145
0.008312656838075926
0.008308972401119538
0.008305285466944555
0.008301594634703756
0.0082979009617312
0.008294204100342642
0.008290504054112269
0.008286800826617346
0.008283094421438212
0.00827938448878128
0.008275672092364038
0.008271955821664912
0.008268236387031516
0.008264514501224333
0.008260788750116304
0.008257060556237096
0.008253328503062901
0.00824959365974833
0.008245855674722045
0.00824211455159799
0.00823836993731596
0.008234622905527516
0.008230872032551404
0.008227118750509079
0.008223361633344506
0.008219601399236262
0.008215838768739958
0.008212072312247631
0.008208303108779553
0.008204530803520139
0.008200755400116513
0.008196976902218796
0.008193195313480102
0.008189410277032969
0.008185622878107172
0.008181831677684
0.008178037400476642
0.008174240773544695
0.008170440354363276
0.008166637231692099
0.00816283104751283
0.008159021805505354
0.008155209509352505
0.008151394162740074
0.00814757540562459
0.008143754332894371
0.008139929492736378
0.008136101616313628
0.00813227143710465
0.0081284374998364
0.008124601268345126
0.008120761285058228
0.008116918650081323
0.008113073001665062
0.00810922434352748
0.008105372312491217
0.008101518012975043
0.008097659980541443
0.008093799688226433
0.008089935669315526
0.008086068662483912
0.008082199408685414
0.008078326437800643
0.008074450859395295
0.008070572308609145
0.008066690789192036
0.008062806304896685
0.008058918859478676
0.008055028086111766
0.008051135100311317
0.008047238422940983
0.008043338798938197
0.008039436975487538
0.008035531470094809
0.008031623773921689
0.008027712402242641
0.008023798475635993
0.00801988162562009
0.008015961855981807
0.008012038796854175
0.008008113572999704
0.008004184693033226
0.00800025365704107
0.007996318971429762
0.007992381388425127
0.007988441662462605
0.007984498296646967
0.007980552420732012
0.007976603663218791
0.007972652027925027
0.007968697518671228
0.007964740139280673
0.007960779516348642
0.007956816785396316
0.007952850440787753
0.00794888124081995
0.007944909945967464
0.007940935047340498
0.007936957683736139
0.007932977480681617
0.007928994442025055
0.007925008571617324
0.007921019873312025
0.007917027970758564
0.007913034008436808
0.007909036468844482
0.007905036116261047
0.007901033717111204
0.007897027750687112
0.007893019746507489
0.007889008181734868
0.007884994205682002
0.007880977440418106
0.00787695788982666
0.007872935174655225
0.007868910448208463
0.007864882181295295
0.007860851911948996
0.007856818108872466
0.007852781543300004
0.007848742988572636
0.007844700910245238
0.00784065646638185
0.00783660927617388
0.007832559343534223
0.007828506672378416
0.007824451266624649
0.007820392743648279
0.007816332267009205
0.007812268293933097
0.007808201601440746
0.007804132968626818
0.00780006084961805
0.0077959867991908936
0.007791909269413671
0.007787829428518063
0.007783746892351919
0.007779661664862297
0.007775573360619951
0.0077714831517138845
0.007767389484073017
0.007763293920701292
0.007759194905493202
0.007755093222190859
0.007750989656571103
0.0077468826494879895
0.007742773377627594
0.007738661454057584
0.007734546882753435
0.007730429275526378
0.007726309812857407
0.007722186929560503
0.007718062199794438
0.007713934056371965
0.007709803288622499
0.007705670687876807
0.007701534683957071
0.007697396461866109
0.007693255631936672
0.007689112198172183
0.0076849661645785805
0.007680817535164319
0.007676665918537967
0.007672512504920169
0.007668355716225275
0.007664196347277658
0.0076600351948694426
0.007655870677974629
0.007651704386648125
0.007647534737911402
0.007643362926417319
0.007639188559325261
0.0076350116406710775
0.007630831776403317
0.007626650164832047
0.007622465217157836
0.007618278531236264
0.007614088516339899
0.007609895973667218
0.007605701706344423
0.007601504120763534
0.0075973044195904406
0.007593102207349491
0.007588897488103448
0.007584690265917507
0.007580480544859278
0.007576267927793107
0.00757205362240847
0.007567836027483942
0.007563615949509274
0.00755939419686783
0.0075551691655086125
0.007550942468591562
0.007546712500187105
0.007542480472249596
0.007538245986248911
0.007534009046279026
0.007529769252645236
0.007525527820819382
0.007521283139273377
0.007517036828669804
0.007512787275626891
0.007508535292765999
0.007504281694561523
0.007500024864862766
0.007495766428970603
0.007491504363025039
0.007487241105684541
0.007482975037815964
0.007478705756299909
0.007474435297823039
0.00747016244752574
0.007465885987817274
0.007461607958124722
0.007457327956251445
0.007453045579094247
0.007448759606356985
0.0074444720820065965
0.007440182602944439
0.007435889538712394
0.007431595345705448
0.007427298393021115
0.00742299827465207
0.007418697041985718
0.007414393471377329
0.007410086336512566
0.007405777691457529
0.007401467131106858
0.00739715301700331
0.007392837817586135
0.007388519893960777
0.007384200072606028
0.007379876711550697
0.0073755522845249406
0.007371225149123403
0.007366894896517177
0.007362563592459218
0.007358230004719619
0.007353892898460827
0.007349554342052322
0.007345213927546229
0.007340870005157773
0.007336525060381838
0.007332177443006601
0.00732782674228883
0.007323475033729349
0.007319121079272486
0.007314764468183988
0.007310404788880152
0.007306044121141964
0.007301681224355677
0.0072973148553622785
0.0072929470964966815
0.007288577537035138
0.00728420451613492
0.0072798305359404215
0.007275453935192187
0.007271074300438708
0.007266693720973807
0.00726231095049817
0.007257924740210647
0.007253537181915412
0.007249147863006237
0.007244755115143695
0.007240361451759508
0.007235965204104709
0.007231567213649821
0.007227165808765519
0.007222763507836885
0.0072183586388282605
0.007213950785647424
0.007209542051039811
0.007205131180666105
0.0072007169177482335
0.00719630136747869
0.007191884114589217
0.007187463480142703
0.0071830419935269545
0.00717861797540576
0.007174191007898494
0.007169763202862178
0.007165333300511284
0.0071609008829737605
0.007156465531584647
0.007152029362197431
0.007147591112637734
0.007143149518355916
0.007138706697588811
0.007134262232473983
0.007129814433750974
0.007125365846350375
0.007120914780623135
0.0071164608161632045
0.007112006077696532
0.007107549297745176
0.007103089206500098
0.007098627931026273
0.007094165051705251
0.007089700148145253
0.00708523194823168
0.007080762582899615
0.007076291631760708
0.00707181739550717
0.007067342434196553
0.007062865048143044
0.007058384814483867
0.0070539038704667215
0.007049420941128356
0.007044934749238549
0.007040447434319683
0.007035958574274907
0.007031466463003101
0.007026973670789499
0.007022478491162304
0.007017981784528265
0.007013481841809914
0.0070089812377734685
0.007004478262974066
0.006999972492161301
0.006995466074755411
0.006990957728516153
0.006986446169000818
0.006981933547839608
0.006977419440526246
0.006972902131383097
0.006968384205113053
0.006963863945678477
0.006959340926216655
0.006954817304369407
0.006950291792981198
0.006945763102738901
0.006941233393449276
0.006936702238978583
0.006932169212477534
0.006927633022500804
0.006923095832434849
0.006918557215433328
0.006914015446522426
0.006909473124400366
0.006904928523744063
0.006900381215420977
0.006895833368649988
0.00689128368935381
0.006886730881362662
0.006882177115995039
0.006877621964825382
0.006873063696609035
0.006868504919484755
0.006863943901866079
0.0068593815167615774
0.006854816030183105
0.006850250054399603
0.006845681855084445
0.006841111000905387
0.00683653967230393
0.006831966568492477
0.006827390386656388
0.006822813309271106
0.0068182349056892565
0.006813653435847848
0.00680907152116109
0.006804487421235008
0.0067999007032557455
0.0067953135552257585
0.006790724671836268
0.0067861336202810225
0.0067815399670985484
0.006776945903596698
0.006772350122490104
0.006767751314532137
0.006763151672998591
0.006758550765090635
0.006753946842211264
0.006749342538621809
0.006744736105405162
0.006740127107667233
0.006735517744029133
0.006730906702832083
0.0067262926705017635
0.006721677847581346
0.006717061799823933
0.006712442772891604
0.006707823409687887
0.006703201955562328
0.006698579295091436
0.006693953671429903
0.0066893277312557575
0.006684699717414522
0.006680069193002931
0.00667543836690151
0.006670805921315796
0.006666170536602104
0.006661534423496478
0.006656897145720443
0.006652256940886365
0.006647616464015295
0.006642973952418034
0.006638328967842139
0.006633683726059523
0.006629036905153993
0.0066243880668803
0.006619736772397394
0.00661508524048429
0.006610432147426169
0.006605776167725596
0.006601119521950269
0.00659646177186142
0.006591801147309668
0.0065871403149997685
0.00658247750449179
0.006577812275645117
0.006573146853879333
0.006568479911507524
0.006563810119106456
0.006559139703837943
0.006554468226148013
0.006549795245907422
0.006545119431981571
0.006540443014406976
0.006535765553056185
0.006531085270307303
0.006526404844113064
0.006521722496572086
0.006517037785727495
0.006512352946282924
0.006507666644997677
0.006502977546961833
0.006498287888553929
0.00649359722838106
0.006488903783818098
0.006484210240348669
0.006479514815075842
0.006474817064827615
0.006470119230521269
0.0064654199751987135
0.006460718855694696
0.0064560154283083
0.006451311936662069
0.006446607042179363
0.006441899404681699
0.006437191269398919
0.006432482193171312
0.006427770386393462
0.00642305854505544
0.006418344879291174
0.0064136289442347765
0.006408912989468792
0.00640419567285052
0.0063994756506822095
0.0063947551741067536
0.006390033798783654
0.0063853110798574985
0.006380585672100215
0.006375859829226099
0.006371133106381035
0.006366403707271733
0.0063616743379542075
0.006356943201885691
0.006352209852579099
0.006347476547914674
0.0063427419407844025
0.006338004682593034
0.006333267032713108
0.006328528545160027
0.006323787419182273
0.006319046367545711
0.006314303589257117
0.006309559992115238
0.006304813773432418
0.006300067648888449
0.006295319815557421
0.006290569825404005
0.006285819944237218
0.00628106882020384
0.006276315100031472
0.006271561050953139
0.006266806225413009
0.0062620488164690045
0.00625729154620374
0.006252532607444683
0.006247771551127509
0.006243010648333619
0.00623824854405398
0.0062334847892304215
0.006228718934352576
0.006223953252788012
0.00621918638815919
0.0062144169827376815
0.006209647311246543
0.006204876924631832
0.006200104010056162
0.006195331298474117
0.006190556976829145
0.006185780594632708
0.00618100443026772
0.006176227124354189
0.006171447316208634
0.006166667285521893
0.006161886582245835
0.0061571033896351424
0.006152320444525256
0.006147535929959527
0.006142750761725301
0.006137963121386083
0.006133175748322211
0.006128386823889349
0.0061235958962483576
0.006118805250711389
0.006114013523749605
0.006109219350599332
0.006104425017811761
0.006099630073964961
0.006094832696920113
0.006090035631628678
0.006085237055751854
0.006080436516558695
0.006075636303939875
0.006070835051624731
0.006066032306888023
0.006061227616613832
0.0060564232726701426
0.006051617907602066
0.0060468101527887275
0.0060420023012680655
0.0060371939003181045
0.006032383122704256
0.006027572721045484
0.006022760867918598
0.006017947109367113
0.006013133741578385
0.006008319394510323
0.006003502697002631
0.005998685946364675
0.005993868689017772
0.005989050471013754
0.0059842299200981745
0.005979409335421043
0.00597458826303432
0.005969764870906204
0.0059649419188734
0.005960117574726918
0.005955291383358907
0.005950465646878223
0.005945638991695203
0.005940810043171144
0.00593598110446751
0.005931151720830878
0.005926320057083589
0.005921488877795185
0.005916656347618739
0.005911822010692842
0.005906988173005585
0.005902153458642714
0.005897317411748066
0.005892479576136785
0.005887642259463075
0.005882804084814136
0.00587796367429747
0.005873123336550312
0.0058682826157188065
0.005863439672335098
0.0058585972774226865
0.005853753591355906
0.005848908157247932
0.005844063286371254
0.005839217599644183
0.005834369717053438
0.00582952195080627
0.005824673844330606
0.005819824940747005
0.00581497385913432
0.005810122913228333
0.005805271646149243
0.00580041821443956
0.005795565395123965
0.005790711344598644
0.005785855605026007
0.0057810004925852925
0.005776144625252711
0.005771286620142485
0.005766428794298773
0.005761570690175216
0.005756710461728664
0.005751850889872742
0.005746990128425939
0.005742129107769752
0.0057372659807582715
0.005732403529963609
0.0057275399081050385
0.005722674656469006
0.005717810095763058
0.005712944841247111
0.005708077507388851
0.0057032104156907485
0.005698343107706924
0.00569347373391469
0.005688605080460434
0.005683735297694631
0.005678863926341196
0.005673993290020578
0.005669122002244695
0.005664248675781597
0.0056593756349981325
0.0056545024208695446
0.005649628574126192
0.00564475270681561
0.0056398771445192635
0.005635001427966657
0.005630123704457769
0.005625246764916503
0.005620368756527554
0.005615489219265789
0.005610610480637851
0.0056057311518225095
0.005600849843324629
0.00559596888332705
0.005591087812032338
0.005586204774718071
0.005581322565348591
0.005576439329094197
0.0055715560006382074
0.00556667072440599
0.005561786295642947
0.0055569008586707205
0.005552013952790311
0.00554712790901424
0.005542241336415066
0.005537352843461494
0.005532464761771951
0.005527576630851451
0.005522686593312814
0.0055177974471257545
0.0055129073348073885
0.005508015795236271
0.005503125161629012
0.005498234041733117
0.005493341974431278
0.005488448498425896
0.005483555947854506
0.005478662929910715
0.005473768051254446
0.0054688736465587345
0.0054639792547062855
0.0054590830159486495
0.005454187731803738
0.005449291542438989
0.0054443939861865305
0.005439497399123999
0.005434600387277475
0.005429701556187994
0.005424803242419889
0.005419904984469166
0.005415006320673109
0.005410105856110527
0.005405205928127584
0.005400306075060029
0.005395404435102008
0.0053905038128618825
0.005385602346461295
0.005380699573761384
0.005375797833319107
0.005370895729666887
0.00536599186692241
0.005361088584058783
0.005356185419077268
0.0053512805089258415
0.0053463766600839934
0.0053414720094352355
0.005336566094558864
0.005331661255504483
0.005326756095903996
0.005321850153340354
0.005316942965279216
0.005312036872374753
0.005307130477893744
0.005302222384758605
0.005297314933969041
0.005292407663107055
0.005287498707578213
0.005282590876176679
0.005277682304255179
0.005272772529049842
0.0052678638924427475
0.005262954996958131
0.005258044444824619
0.005253134578220903
0.005248224934482987
0.005243315050851194
0.005238403529280948
0.0052334927124160465
0.0052285821374947914
0.005223669938685
0.005218758926636571
0.005213847235476115
0.005208934402172209
0.005204022770056758
0.0051991109407746655
0.005194197515745699
0.005189284838527666
0.00518437244616521
0.005179458472147823
0.005174545728141138
0.0051696323476014975
0.005164719270982038
0.005159804631517699
0.005154891241254863
0.005149977233398906
0.005145062144726505
0.005140148319636503
0.005135234359122957
0.005130318864025294
0.005125404178897514
0.005120489840568543
0.005115573981806153
0.00511065941535438
0.005105744273959491
0.0051008280943096495
0.00509591322131796
0.005090998255661796
0.005086081797912726
0.005081166193090018
0.00507625097791759
0.005071335689086845
0.005066418927085481
0.005061503037080604
0.005056587555761107
0.005051670615478129
0.005046755029594528
0.005041838930451593
0.005036921854673688
0.005032006147592526
0.005027090409621522
0.005022173241138826
0.0050172569875115355
0.00501234118537594
0.005007423966973505
0.0050025081458262245
0.004997592322302823
0.0049926760330264944
0.004987758814624059
0.004982842544362131
0.004977927226985695
0.004973010058500735
0.004968093852407473
0.004963177677209937
0.004958260601435654
0.00495334543851415
0.004948429384521871
0.004943512444238893
0.00493859649482565
0.004933681541002381
0.004928764778994677
0.004923849022082409
0.004918933338842488
0.004914018670147074
0.004909102212389856
0.004904186778682039
0.004899271437656345
0.004894355258016011
0.004889441052660162
0.004884526018193847
0.004879610159431455
0.0048746953531205285
0.004869781603944896
0.004864866108835012
0.004859951680363497
0.0048550373873413166
0.004850122298682495
0.004845209226649706
0.0048402953684823
0.004835380729017962
0.004830467184538732
0.004825554739702796
0.0048206415278521765
0.0048157275538347885
0.004810814693678629
0.004805902952030358
0.004800989526983289
0.004796077229943241
0.0047911651301073875
0.0047862522968229425
0.004781341541044464
0.004776430061314999
0.004771517862505207
0.0047666068199653565
0.004761696938315931
0.004756785416723513
0.004751875065517012
0.004746964954250079
0.0047420560226808725
0.004737145470523381
0.004732236107557251
0.004727327003517953
0.004722417228337954
0.004717509591204403
0.004712601292421787
0.0047076923368929435
0.004702784598729942
0.00469787808251482
0.004692969989351631
0.004688063127625246
0.004683156567532848
0.004678249379501114
0.0046733443712246876
0.004668438744495516
0.004663533438373506
0.004658627523528345
0.00465372380692077
0.004648819491074158
0.004643914580922731
0.004639010949034134
0.00463410859995121
0.004629204737172812
0.004624302166680892
0.004619399959468093
0.004614497186803458
0.004609596653837646
0.004604695564897992
0.0045997939249399706
0.004594893605282754
0.0045899946104416105
0.004585094145841048
0.004580195015530834
0.004575296291143254
0.004570398910209537
0.0045655000790802685
0.004560602600876
0.00455570554753663
0.004550807991325311
0.004545912734390379
0.004541016984051349
0.004536120745293714
0.004531225887374601
0.004526332414768835
0.004521437536068723
0.004516544052145493
0.004511651035683685
0.004506757559723498
0.004501866424066471
0.004496974838370987
0.004492083739056761
0.0044871921995326405
0.004482303018486779
0.004477413406687184
0.0044725233691485485
0.004467634772760534
0.004462747621956784
0.004457859128953514
0.004452972090985758
0.0044480855819418325
0.004443198676112469
0.004438314169522377
0.004433429275594009
0.004428543999361791
0.004423660205897646
0.0044187778996062806
0.004413895225281929
0.004409012187967662
0.00440413065188064
0.0043992506214126
0.004394369312859173
0.004389489519362148
0.004384610316164937
0.004379730778960066
0.00437485369953855
0.00436997629554223
0.004365098572033343
0.004360222391200375
0.004355347757405629
0.00435047189003546
0.004345597579130455
0.0043407239009607065
0.004335851788198646
0.004330978461674164
0.0043261067099794204
0.004321235609864022
0.004316364238573316
0.004311495383208461
0.0043066262660853075
0.004301756892293075
0.004296889120832544
0.004292022956022904
0.0042871556220992245
0.0042822899042369396
0.004277424880316802
0.004272559628747534
0.004267696933116628
0.004262834019241728
0.004257970892230246
0.004253109408698107
0.004248249572934231
0.004243389538271335
0.0042385293098247834
0.004233670743103904
0.004228813842384065
0.004223955837202602
0.004219099507414706
0.004214243932662461
0.004209388193162402
0.004204535067041984
0.00419968178556044
0.0041948283538507545
0.004189976624827441
0.004185126602735112
0.004180275521047166
0.004175426155669393
0.004170577587551377
0.004165730744512334
0.004160882861844545
0.004156036713628745
0.004151191381418732
0.004146345947389142
0.004141503183753456
0.004136660327664902
0.004131817384281193
0.004126976202512671
0.004122136786558954
0.0041172963759612295
0.004112457740536924
0.004107619963251264
0.004102782127722379
0.0040979470018040216
0.004093111826994415
0.004088277529027398
0.004083443192185676
0.004078611582315797
0.0040737799429164095
0.004068948279169122
0.004064118435677997
0.0040592904165969715
0.004054461467986068
0.004049634353121776
0.004044808157134805
0.004039981965854972
0.004035158540456111
0.004030335129093795
0.004025511736965678
0.004020690205517934
0.004015870538872471
0.004011049987866049
0.004006231310982228
0.004001413594938493
0.003996597761602051
0.003991781064001743
0.003986966258421615
0.00398215243230734
0.003977338673849803
0.003972527737091749
0.003967716877295743
0.003962906099681894
0.003958097240880483
0.003953290304966587
0.003948482550056644
0.003943676727329856
0.003938871925921946
0.003934067235745686
0.00392926540564321
0.003924463696060124
0.003919663026371391
0.003914862487277931
0.003910064825241421
0.0039052673030798854
0.003900469926035038
0.003895674525621168
0.003890881105865859
0.0038860869326132336
0.00388129474928861
0.003876503647594777
0.00387171272005746
0.0038669247076268927
0.0038621368786139164
0.003857349238274699
0.0038525636144063078
0.003847780011003059
0.003842996610364858
0.003838213417754163
0.0038334322592700164
0.0038286531388918464
0.0038238733306382106
0.0038190955697322785
0.0038143189505923172
0.0038095425685052793
0.003804769156081648
0.0037999959899438374
0.0037952230753681678
0.003790452234529791
0.0037856834713744184
0.0037809140658408725
0.003776146747211987
0.0037713806118726935
0.0037666147571082014
0.0037618519094936367
0.003757089351666381
0.0037523279955537147
0.0037475669393516485
0.0037428089068844168
0.0037380511835309943
0.0037332937745869904
0.0037285384963079097
0.0037237853525902134
0.003719031632300111
0.003714280055762781
0.0037095297223287676
0.003704779732294399
0.003700032803140279
0.0036952862265675797
0.0036905400078847605
0.0036857959590751712
0.0036810540840008016
0.0036763125808177265
0.0036715714548399715
0.0036668325161066323
0.0036620957684642807
0.0036573585101494976
0.0036526234520853256
0.0036478896967350764
0.0036431563475532057
0.0036384261124817723
0.0036336962927282666
0.0036289668936189644
0.0036242397207159457
0.003619514777830876
0.0036147893699462587
0.003610066201216346
0.003605344376345399
0.0036006247987370324
0.003595904776439651
0.003591187010531208
0.00358647060673444
0.0035817546718084174
0.0035770419037141933
0.003572329613606538
0.0035676178068286867
0.0035629082822264168
0.003558201043560455
0.003553493405929812
0.003548788063337931
0.003544084123849718
0.0035393806965976007
0.003534680472374316
0.003529980769478732
0.003525282487870011
0.0035205847377577926
0.0035158902066812917
0.003511196216181901
0.0035065027716189388
0.003501811664827963
0.0034971228995181423
0.003492433801343696
0.0034877470537170744
0.0034830617682095628
0.0034783770575048684
0.003473695601669693
0.0034690147296926955
0.003464334446943814
0.0034596565402337676
0.0034549810132356723
0.0034503051991673405
0.0034456317738519853
0.00344095985137348
0.0034362903255383886
0.0034316205329931165
0.003426953146120666
0.003422287280143865
0.003417622051442684
0.003412960128919876
0.0034082988526903304
0.0034036382281385797
0.003398980034570352
0.003394324275606186
0.003389668295757547
0.0033850147595157094
0.003380362784716235
0.0033757114903826798
0.0033710635374332885
0.0033664162739404776
0.003361770589871349
0.0033571256054465174
0.0033524839779687033
0.003347843059113633
0.0033432028542795577
0.003338565134976484
0.0033339299047717786
0.003329294519904459
0.003324661633098489
0.0033200303660852705
0.0033153998418285844
0.003310772709345847
0.003306146328570096
0.0033015207049085634
0.003296897604304543
0.0032922770302882508
0.003287657227108395
0.0032830382001760652
0.0032784217129160987
0.0032738077688420995
0.0032691937363526187
0.0032645822559708654
0.003259972453467583
0.0032553634558900885
0.0032507578999221272
0.003246153157788735
0.003241549234909365
0.0032369478889425164
0.0032323491233642457
0.0032277503152433025
0.003223154096403302
0.00321855959549519
0.0032139659424769637
0.0032093757652411218
0.0032047864447742403
0.003200198859997393
0.003195612142184067
0.0031910289152535225
0.003186446564152151
0.003181865094310743
0.003177286254815812
0.0031727100490886928
0.0031681338670841355
0.0031635603276960692
0.003158988563856116
0.0031544177098467895
0.0031498503804990577
0.0031452839698168948
0.0031407184832384213
0.003136155663748157
0.0031315955147292237
0.003127036303390964
0.0031224780351746164
0.0031179224503089156
0.003113369552159919
0.00310881674399484
0.003104266631350012
0.0030997183515794075
0.00309517104343151
0.0030906273082485043
0.003086084553477574
0.003081542784566671
0.003077003735445523
0.003072467409441594
0.0030679312192871686
0.0030633977610214167
0.0030588661751425805
0.003054337328490344
0.0030498086380686814
0.0030452826956305938
0.00304075864309336
0.003036235623812153
0.0030317162252153354
0.003027197868616903
0.0030226805594737536
0.003018166022377506
0.0030136542605994224
0.0030091427009009773
0.003004633925244588
0.0030001270787889476
0.0029956213081605365
0.002991119190907209
0.002986618158190084
0.002982118215471734
0.0029776210807137262
0.0029731267571480946
0.0029686335369968966
0.0029641414257250915
0.0029596521383043984
0.00295516567794934
0.002950679485871038
0.0029461961295332772
0.0029417147588948755
0.002937234525425431
0.0029327579920448788
0.002928282604492829
0.0029238083682392923
0.00291933699143177
0.002914868477245194
0.002910400277139417
0.002905934948294749
0.0029014716440746045
0.0028970112182056407
0.0028925511267667127
0.0028880939223034667
0.0028836387597137416
0.00287918479544889
0.002874734577382166
0.0028702855662490244
0.0028658377675260145
0.0028613928792674773
0.0028569509045907214
0.002852509310111364
0.002848070637802567
0.0028436340460624545
0.0028391986948721037
0.002834767121443737
0.002830336797137821
0.0028259085705459536
0.002821481603239081
0.0028170584276274594
0.0028126365198572955
0.002808215885410783
0.002803798211971645
0.002799383502599057
0.00279496923947835
0.0027905579489601873
0.0027861487946149125
0.002781740941638129
0.0027773369114923226
0.002772934191234481
0.00276853278635018
0.002764134377181795
0.002759738966747964
0.0027553448848563044
0.002750952136993761
0.002746562400197685
0.0027421756774686154
0.0027377894669729915
0.0027334062790261926
0.002729025282507443
0.002724645647963278
0.002720269880694455
0.0027158954838650794
0.00271152246296486
0.0027071524874999033
0.002702785560429871
0.002698419191224744
0.002694055878858034
0.0026896947959639842
0.0026853351168730838
0.002680979335457169
0.002676624966270651
0.0026722728434092832
0.0026679221429060512
0.002663575353490633
0.0026592299948422268
0.00265488607245377
0.0026505452447223117
0.0026462075145480615
0.002641870408072332
0.0026375364075407826
0.002633204691125837
0.002628874438737743
0.002624548127395443
0.0026202232884493014
0.002615899927393972
0.002611579694776719
0.0026072625934563083
0.0026029469829966893
0.0025986328688931398
0.002594321898162677
0.0025900140736455765
0.0025857069385587057
0.0025814029580142808
0.0025771013158571937
0.0025728011977114483
0.0025685050633383567
0.002564210461287606
0.0025599173970555595
0.0025556275096229406
0.002551340801788265
0.0025470548288253356
0.0025427720437485547
0.002538491634408108
0.0025342144194231073
0.0025299379594873935
0.00252566470217696
0.002521393837142516
0.002517124555854888
0.002512859300415851
0.0025085956369749595
0.0025043335710293966
0.0025000747297255392
0.0024958191158011957
0.0024915643022833875
0.0024873127243731086
0.0024830635758181386
0.0024788160522145747
0.00247457258320435
0.002470330747354763
0.0024660905501630347
0.002461853610426619
0.0024576199308410313
0.0024533879026692696
0.0024491575314084385
0.002444930432104704
0.002440706607434717
0.0024364836485752696
0.002432263972516057
0.0024280467790341815
0.0024238312697955596
0.0024196198561090374
0.00241541013481306
0.0024112021114041414
0.002406997392396623
0.002402795980424556
0.002398595479460787
0.002394398293655577
0.002390203627036857
0.0023860122817710577
0.0023818218675783383
0.0023776347828421635
0.0023734502334997144
0.002369267427417175
0.002365088757176304
0.0023609118382793533
0.0023567366762212404
0.002352564864970692
0.002348396407099866
0.002344228925395689
0.002340064805130557
0.002335903256582419
0.0023317434919858555
0.0023275878907284405
0.002323434081462031
0.002319282859991471
0.0023151334405126347
0.002310988196489258
0.002306844762477023
0.0023027031439683448
0.0022985649221258916
0.00229443009945951
0.0022902963179586245
0.002286165943628033
0.0022820381931247307
0.0022779122851019984
0.0022737905795605614
0.0022696707244736205
0.0022655527253313363
0.002261438154279115
0.0022573270137834223
0.0022532169593537012
0.002249110343428896
0.0022450063871573365
0.0022409058753027926
0.0022368064694424736
0.0022327105159269814
0.0022286172379203575
0.0022245258606222442
0.0022204387242609125
0.0022163534965152117
0.0022122701828712846
0.0022081903422325085
0.0022041139770023555
0.0022000387625429173
0.002195967031373181
0.0021918980112365103
0.0021878309319389045
0.0021837681197957245
0.0021797072563517206
0.002175649119660998
0.0021715929415961604
0.002167541042230648
0.0021634911093300433
0.0021594431483755727
0.0021553987047738758
0.0021513577808650285
0.0021473180722436126
0.0021432818911275332
0.0021392484719813705
0.002135217051371095
0.002131189935194431
0.0021271648253447743
0.0021231417272994275
0.0021191221769730137
0.002115106176661498
0.002111092200342859
0.0021070802534925107
0.00210307186776784
0.0020990670454451524
0.0020950635027280357
0.0020910635311555178
0.0020870663720384784
0.0020830712688275944
0.002079080506626186
0.0020750918080517985
0.0020711051785753023
0.0020671221401885632
0.0020631426951235182
0.002059164574070427
0.0020551900540325355
0.002051218381133181
0.002047250314762699
0.0020432835921068513
0.0020393204836513593
0.002035360237677364
0.0020314021046438716
0.002027448348486423
0.002023496712918819
0.0020195472034046074
0.002015601327764219
0.002011659088165186
0.002007718236536284
0.0020037810285702395
0.0019998467174458176
0.001995914558545784
0.00199198680093406
0.0019880612031458224
0.0019841377706390235
0.0019802180012785647
0.0019763018971871906
0.001972387970301996
0.001968476226078309
0.0019645681579187526
0.001960663767926106
0.001956760829634979
0.0019528615770590153
0.0019489652705544282
0.0019450711727188909
0.0019411815108245876
0.0019372940651247988
0.0019334088410686429
0.0019295273219340284
0.0019256495097787034
0.0019217731933085912
0.001917900591314586
0.0019140309691928082
0.0019101650667625036
0.0019063006795279076
0.0019024400194585563
0.0018985823542089636
0.001894726953712192
0.0018908760230847733
0.0018870273646607837
0.00188318098387962
0.0018793383491898293
0.0018754994625838402
0.0018716621349869518
0.0018678285628953503
0.0018639980190864307
0.001860169778641587
0.0018563460311274253
0.0018525245943754078
0.0018487062007021982
0.0018448901274955368
0.001841078557355989
0.0018372693150575225
0.0018334624060289163
0.0018296592836494312
0.0018258599498458348
0.0018220622381204983
0.0018182683223159982
0.001814477482709827
0.0018106890019199337
0.0018069050467496729
0.0018031234577168403
0.0017993442402423603
0.001795568837133563
0.0017917972502715894
0.0017880273289967788
0.0017842612312600394
0.0017804982426002404
0.0017767390823893864
0.0017729816070609136
0.0017692279674485951
0.0017654774514476168
0.001761729349329699
0.0017579858047809
0.001754244681358208
0.0017505059844704247
0.0017467711414551803
0.001743040154127429
0.0017393108950014575
0.0017355854987756662
0.0017318632586873026
0.0017281434703748915
0.0017244282613146887
0.0017207155112187195
0.0017170059316367215
0.0017132988206101547
0.0017095962983575096
0.0017058962518240444
0.0017021986864055715
0.0016985050137367855
0.0016948152355661678
0.0016911272479295646
0.0016874431619240734
0.001683762278600804
0.0016800839014475613
0.001676410134232786
0.0016727388802962092
0.0016690701450241228
0.0016654053290446266
0.0016617444340600064
0.0016580860689831244
0.0016544302391959132
0.0016507783403994832
0.0016471303742755568
0.0016434842607253187
0.0016398420868996167
0.0016362031617776322
0.0016325667968102517
0.0016289350717143564
0.0016253059137999737
0.0016216793284389106
0.0016180567001675122
0.0016144380306211212
0.0016108212564225274
0.0016072084479442812
0.0016035989197204868
0.0015999919887809532
0.001596389717992074
0.0015927900514574322
0.0015891936791171783
0.001585599920497796
0.0015820108309247856
0.001578424362017137
0.001574840519131291
0.0015712606704856285
0.0015676848176482648
0.0015641109216801945
0.0015605410284329178
0.001556974460558913
0.001553410543240697
0.0015498513147203605
0.0015462947436425869
0.0015427408353526646
0.001539190946640727
0.0015356450790281941
0.0015321018851366715
0.0015285613703063562
0.0015250248862141037
0.0015214924343605503
0.0015179620005780475
0.001514435605862759
0.0015109125810962108
0.001507392259723895
0.0015038766550305623
0.0015003637605339078
0.001496853581562374
0.0014933474582113724
0.0014898453919346792
0.0014863453859071934
0.0014828494437237345
0.0014793569020270358
0.0014758684283405921
0.0014723820335972148
0.0014688997136075074
0.0014654208075913864
0.0014619446573662168
0.0014584732509304518
0.0014550046070026489
0.0014515387308935371
0.0014480769457848389
0.0014446192530624454
0.0014411636812271637
0.0014377122084620417
0.0014342641798230967
0.0014308189429867255
0.001427378468254836
0.00142394079198274
0.0014205065731512454
0.0014170751620571423
0.0014136485210877597
0.0014102246944862444
0.0014068036875447398
0.0014033868063150837
0.0013999740521150605
0.0013965634790935044
0.0013931570396984814
0.0013897540875062973
0.0013863539787464137
0.0013829586578871806
0.0013795661870301835
0.001376176571454191
0.0013727911052266346
0.0013694097896180136
0.0013660306967201146
0.0013626557609772265
0.0013592843419263055
0.0013559170838740083
0.0013525520669351431
0.0013491912175037733
0.0013458338977821137
0.0013424794726578822
0.0013391298604481516
0.0013357831493174214
0.0013324393445244224
0.001329099722647208
0.001325764284887813
0.001322431129521632
0.0013191021647205713
0.0013157767587198086
0.0013124542824621502
0.0013091366359759514
0.0013058219256526366
0.0013025107869691684
0.0012992025935752924
0.0012958992373233672
0.00129259883275319
0.0012893013851025831
0.0012860081532516492
0.0012827191383337523
0.0012794324651186316
0.001276150015194032
0.001272871165596566
0.0012695952961020752
0.001266324280059728
0.0012630562504499926
0.001259791212495722
0.0012565304127038334
0.0012532738521600448
0.0012500202934184607
0.0012467697416951463
0.0012435234379665518
0.0012402813832971937
0.001237041729257548
0.0012338063305437595
0.0012305745730956698
0.0012273458456234943
0.001224121994491116
0.0012209011795731133
0.0012176834060699856
0.001214469902444306
0.0012112606697128239
0.0012080538781776874
0.0012048513637398645
0.0012016525185618732
0.0011984567375979034
0.0011952658483526096
0.001192078029496075
0.001188893892248839
0.001185712834355375
0.0011825366748925998
0.0011793636009298572
0.001176193617644452
0.0011730279352538866
0.0011698665547057747
0.0011667076736115323
0.001163553100470274
0.0011604022365166774
0.001157254485807481
0.001154111648354111
0.0011509719302269846
0.0011478353365868468
0.001144703064903902
0.0011415751160778007
0.0011384503015332385
0.0011353286264234735
0.001132211282523202
0.0011290982707107388
0.00112598781620127
0.0011228816997965602
0.0011197793319012855
0.0011166801257720994
0.001113585853633095
0.001110494749248134
0.0011074068177533355
0.0011043232380409506
0.0011012440109412422
0.00109816738094997
0.0010950951095229592
0.0010920266134699114
0.0010889624790421902
0.00108590095934874
0.0010828438072029989
0.0010797904422759803
0.0010767402871201207
0.0010736950858826148
0.0010706531003093593
0.0010676143355110024
0.0010645799516092267
0.0010615499493647675
0.001058522601365238
0.0010554996408793666
0.0010524804940490028
0.001049464589917535
0.0010464536530269495
0.0010434459646621076
0.0010404415299155312
0.00103744149580259
0.0010344458630357975
0.0010314534933180408
0.001028464391733661
0.0010254796994442206
0.0010224994171407903
0.0010195218457850971
0.001016548690175565
0.0010135793858799536
0.0010106133713962111
0.001007652342709853
0.0010046946095657264
0.0010017401770294771
0.0009987901730269203
0.0009958445982008388
0.0009929017733196072
0.000989963383307856
0.0009870288703131298
0.0009840987949125482
0.000981171486719553
0.000978248621783714
0.0009753296451909272
0.0009724140049854439
0.0009695033683191946
0.0009665960736731909
0.0009636921260853734
0.0009607926342077092
0.0009578975986131461
0.0009550053689112315
0.0009521176010876386
0.0009492337468709929
0.0009463532609675016
0.0009434777904073835
0.0009406056937253729
0.0009377375217802068
0.0009348727322526368
0.0009320129631885977
0.0009291565820767518
0.000926303593926505
0.0009234550879348383
0.0009206110646047642
0.000917769902656667
0.0009149332288666944
0.0009121005046341234
0.0009092711943631711
0.0009064469157922649
0.0009036260566489592
0.0009008086219224332
0.0008979956872362856
0.0008951872530450697
0.0008923822521844198
0.0008895806896343991
0.000886783634959018
0.0008839910885912773
0.0008812014586273113
0.0008784163423679291
0.0008756352109710683
0.0008728575386264727
0.0008700849135164362
0.0008673157528247804
0.0008645500615107726
0.0008617888954437162
0.0008590322550081006
0.000856278568789906
0.0008535294135306234
0.0008507842671949539
0.0008480426107976974
0.0008453060119067764
0.0008425729082507383
0.0008398438241112374
0.000837118243549451
0.000834397724932056
0.000831680715157752
0.0008289672191550846
0.0008262582728665435
0.0008235538766064865
0.0008208524887739939
0.0008181556561963864
0.0008154628667423128
0.0008127736113565532
0.0008100894276145947
0.0008074087831360793
0.0008047316828278042
0.0008020591487373236
0.000799391181130418
0.0007967267662179946
0.0007940659088970653
0.0007914096250140334
0.000788757914813084
0.0007861092667582805
0.0007834651975100297
0.0007808252049246126
0.0007781887899599577
0.0007755574599478971
0.0007729297126495404
0.0007703055529396045
0.0007676859826542971
0.0007650710019891892
0.0007624591203676794
0.0007598518334197887
0.0007572486459645183
0.0007546500550976078
0.0007520545795950892
0.0007494637057026375
0.0007468769413462185
0.0007442937975784478
0.0007417157512412051
0.0007391413304825324
0.0007365705401442737
0.0007340043616875843
0.0007314427952377998
0.0007288843806983747
0.000726330583115933
0.000723780917435005
0.0007212349017437798
0.0007186939916339185
0.0007161567364318815
0.0007136231409562883
0.0007110941724682626
0.0007085698310444997
0.0007060491574717755
0.0007035321565582609
0.0007010197892297065
0.0006985120555411863
0.0006960075261147718
0.0006935076351743327
0.0006910119078691636
0.0006885198725163789
0.0006860329538122528
0.0006835497318742455
0.0006810702114867576
0.0006785953392664437
0.0006761251152197327
0.0006736581313726911
0.0006711958004726251
0.000668737654779275
0.0006662841636019805
0.000663833928514981
0.000661388352685038
0.0006589469715438112
0.0006565093237144038
0.0006540768027649205
0.0006516480198358147
0.0006492229796764906
0.0006468026081044645
0.0006443869050558951
0.0006419744936677543
0.0006395667554709716
0.0006371632330603796
0.0006347634722383092
0.0006323688448887574
0.0006299779837630158
0.0006275913476940492
0.0006252084856863318
0.0006228307599521008
0.0006204568128817343
0.0006180866491888645
0.0006157211737405927
0.0006133603864028232
0.000611002941648401
0.0006086501895661428
0.0006063016831607173
0.0006039569786670234
0.0006016174164585521
0.0005992816606906377
0.0005969497160516948
0.0005946224728177827
0.0005922999308061779
0.0005899807663130325
0.0005876663075298667
0.0005853561147110935
0.0005830506288238523
0.0005807485358967201
0.0005784511543558014
0.0005761580476886345
0.0005738687826351997
0.0005715846678394677
0.0005693043990790871
0.0005670279810053996
0.0005647562826958628
0.0005624893038975332
0.0005602257526114846
0.0005579669252168337
0.0005557123925004192
0.0005534617285165976
0.0005512162198170242
0.0005489745841970161
0.0005467372519491857
0.0005445038003893919
0.0005422755062182549
0.0005400510970488444
0.000537830577494668
0.0005356147952925751
0.0005334037501194527
0.0005311961818923912
0.0005289933549662857
0.0005267948507305404
0.0005246002538633748
0.0005224108188281312
0.000520225295400023
0.0005180436881659298
0.00051586683000698
0.0005136947205515146
0.0005115265344293549
0.0005093622762154318
0.0005072027721674671
0.0005050480218922303
0.0005028967974287247
0.00050075033090103
0.0004986082143695076
0.0004964700432041197
0.0004943370395749051
0.0004922079854412648
0.0004900828853509724
0.00048796255061219623
0.0004858469807831941
0.000483734970259218
0.0004816277287323107
0.0004795248556896184
0.000477425953941955
0.00047533222318501926
0.00047324246777661824
0.0004711570889594386
0.00046907569286129373
0.0004669994691592263
0.000464927232195848
0.00046285898647908073
0.00046079552161156813
0.0004587368370815633
0.0004566817597426859
0.0004546314667185705
0.00045258556827909406
0.0004505436780376654
0.0004485069630618451
0.00044647426022733326
0.00044444557401403934
0.00044242167892180953
0.0004404025743904808
0.0004383874931895397
0.00043637643978632935
0.0004343701819489454
0.0004323687190957229
0.000430370910730336
0.0004283779012156687
0.000426389311668017
0.0004244047665665149
0.00042242540015988844
0.00042045008203178344
0.000418478816621019
0.0004165123565056661
0.00041455070105570445
0.00041259273248833196
0.0004106395723759079
0.00040869084938020307
0.0004067469352318359
0.000404806722270893
0.0004028713219125235
0.0004009403661813446
0.0003990134904835723
0.0003970917960637813
0.00039517418539825565
0.00039326066288399887
0.00039135195905434274
0.0003894480732095137
0.0003875479205289849
0.00038565258951108947
0.00038376171976773656
0.0003818749543050993
0.00037999337141283486
0.0003781158964445905
0.0003762428900374818
0.0003743739985843878
0.00037251029014577844
0.0003706507002699186
0.00036879523331127817
0.0003669445976390781
0.0003650987924839078
0.00036325676616477155
0.0003614195739281203
0.00035958686639488494
0.0003577582975980882
0.00035593491252189184
0.0003541156697129018
0.0003523005734957247
0.0003504903168270769
0.00034868489888941097
0.00034688329104562085
0.00034508652542014455
0.00034329426028914013
0.0003415068374180881
0.00033972323843736545
0.0003379444851691147
0.00033617023930037834
0.00033440016594755637
0.0003326352766185696
0.000330874563223154
0.0003291180300421838
0.0003273663476745254
0.0003256195152332095
0.00032387653750828686
0.0003221384130837092
0.0003204048113402153
0.00031867540509952254
0.0003169511825963957
0.00031523115893509687
0.00031351566463292367
0.0003118043759443717
0.0003100982707358521
0.0003083963744449428
0.00030669869130808824
0.00030500586945673286
0.0003033179079346294
0.00030163384512158983
0.0002999546458979322
0.00029827999080298505
0.0002966095638333773
0.00029494431947115624
0.0002932833064592591
0.00029162652900295225
0.00028997461961695337
0.0002883275772971542
0.0002866847761912941
0.00028504622049068534
0.00028341253575345747
0.00028178372095423974
0.00028015884821973314
0.0002785388485689582
0.00027692341375203273
0.00027531223899213315
0.00027370624486263394
0.0002721045139005736
0.0002705070502656195
0.00026891446382801103
0.0002673267535146309
0.00026574301490469784
0.00026416415548520186
0.0002625898747972439
0.0002610198758655549
0.0002594550556996745
0.0002578945203208557
0.0002563385697351619
0.00025478691044211223
0.00025324042895598364
0.00025169824175783236
0.0002501603529610468
0.00024862734969173517
0.00024709923080794977
0.0002455751258891251
0.0002440559083067683
0.00024254128889692958
0.000241030981994083
0.00023952585044779637
0.00023802503432387642
0.00023652853770328094
0.00023503693190965458
0.00023355021575351131
0.00023206782430421763
0.00023058976162821168
0.00022911659201154018
0.00022764831424361247
0.00022618409204629847
0.00022472476453291867
0.00022327005388172137
0.00022181968578359815
0.00022037448878716413
0.0002189336371432836
0.00021749713488550086
0.0002160655304331658
0.00021463882252828817
0.0002132161986103387
0.00021179847399462742
0.00021038537873844902
0.00020897718199493036
0.0002075730817650192
0.00020617388276674385
0.00020477931856594835
0.00020338912625475838
0.00020200409994545684
0.00020062344820888714
0.00019924717503052268
0.00019787580583581314
0.00019650933929846355
0.00019514699722834698
0.00019378956045384803
0.00019243677045019218
0.00019108837222799914
0.00018974513598250808
0.00018840629412079923
0.00018707185059467848
0.00018574231486011804
0.0001844176855436662
0.00018309745930534735
0.0001817816400819048
0.00018047073021904003
0.00017916472832237365
0.0001778628906993259
0.0001765659635637809
0.00017527369985112853
0.0001739858560448372
0.000172703167687532
0.00017142490172182036
0.00017015106205033742
0.00016888213499207522
0.00016761811910565548
0.00016635829465309546
0.0001651033838124677
0.00016385314747694411
0.00016260782361452245
0.0001613667031516875
0.00016013049756588918
0.00015889897129306094
0.00015767189232929885
0.00015644996144443916
0.00015523248023638532
0.00015401945255797203
0.00015281134151174346
0.00015160814558863242
0.00015040917975053456
0.00014921513135800202
0.00014802577283159514
0.00014684088016005993
0.00014566112997219105
0.00014448584792536683
0.00014331526031701597
0.00014214914669377111
0.00014098817293817234
0.00013983167541754306
0.00013867965793428264
0.0001375325602988222
0.00013639038093464853
0.0001352524696154704
0.0001341194787720032
0.00013299119238938638
0.00013186739803204214
0.0001307487373655332
0.00012963457089233688
0.00012852490237957176
0.00012742015546992821
0.00012632032854034865
0.0001252250036725116
0.00012413418461775481
0.00012304828782253897
0.00012196731164315806
0.00012089064077137716
0.00011981889260148301
0.00011875186271847679
0.00011768935029716869
0.00011663196193505143
0.000115579093084189
0.00011453074746021336
0.00011348732529432512
0.00011244882489646821
0.00011141465519183373
0.00011038540925912069
0.00010936089073374129
0.00010834090684785393
0.00010732603986249312
0.00010631570948395341
0.00010531011044740031
0.00010430905357084429
0.0001033131102845912
0.00010232171108906854
0.00010133485964781974
0.00010035293271516005
9.937592853430204e-05
9.840329111529024e-05
9.743557833302371e-05
9.647260547819905e-05
9.551419144778091e-05
9.456088327036184e-05
9.361213576563124e-05
9.266795256072068e-05
9.17286941203195e-05
9.079435864161288e-05
8.98645910906333e-05
8.89393950782337e-05
8.801912382029077e-05
8.710377549357023e-05
8.619282928380885e-05
8.528680777096335e-05
8.43855379311885e-05
8.348885035584785e-05
8.259725675170519e-05
8.171024714093492e-05
8.082782509756699e-05
7.995032750747824e-05
7.907775250161862e-05
7.820960366847901e-05
7.734637910252959e-05
7.648791388658628e-05
7.563437097691042e-05
7.47852648200261e-05
7.394108261555773e-05
7.310166305339247e-05
7.226684844696858e-05
7.143711509761952e-05
7.061198831332348e-05
6.97914716144294e-05
6.89758782529571e-05
6.81652062939301e-05
6.73589946421603e-05
6.655770595606451e-05
6.576118705063985e-05
6.496928836986944e-05
6.418246165753975e-05
6.340025669620067e-05
6.262267696869987e-05
6.185001933483626e-05
6.108228181417145e-05
6.031917267755073e-05
5.9560695391067814e-05
5.8807139521704216e-05
5.8058503068867534e-05
5.731436032904193e-05
5.657513844898633e-05
5.584069600090939e-05
5.511089519335058e-05
5.4386152236355484e-05
5.3666052326156385e-05
5.295059889094851e-05
5.224006507231933e-05
5.153444882444354e-05
5.083334898698874e-05
5.0137168080322675e-05
4.9445772829972284e-05
4.875929420642376e-05
4.807734196739244e-05
4.740030767818454e-05
4.6728061691333686e-05
4.606047800244546e-05
4.539793721981995e-05
4.474006002114228e-05
4.408684977940183e-05
4.343855587334369e-05
4.279517619209389e-05
4.21563450813036e-05
4.1522429434981065e-05
4.0893307773841314e-05
4.0268862266002944e-05
3.964944883545936e-05
3.903471276079859e-05
3.8424773076488686e-05
3.7819515585790775e-05
3.7219285233069596e-05
3.662373823944999e-05
3.6032877922153456e-05
3.544692985634444e-05
3.4865891866438584e-05
3.428943386381972e-05
3.3717887056186266e-05
3.315114177929526e-05
3.258909202204577e-05
3.203205800485394e-05
3.1479720589248916e-05
3.0932083053537146e-05
3.0389354471539384e-05
2.98515326230802e-05
2.9318312074083988e-05
2.8789999294126165e-05
2.8266492809273305e-05
2.7747891449136572e-05
2.7233900744771944e-05
2.6724816163449863e-05
2.6220539873883855e-05
2.572097770307813e-05
2.5226414115545395e-05
2.4736565607910363e-05
2.425143540179739e-05
2.377120870735404e-05
2.3295883240301643e-05
2.28251892201662e-05
2.2359397342047727e-05
2.1898417976243256e-05
2.1442165154551482e-05
2.099089855965748e-05
2.0544359386280228e-05
2.0102634480026818e-05
1.9665641521386668e-05
1.9233629172499267e-05
1.8806349611395073e-05
1.8383806002502875e-05
1.796615966202786e-05
1.7553408241962817e-05
1.7145317659514672e-05
1.67421227910778e-05
1.634374586582943e-05
1.595011277857189e-05
1.5561447380865734e-05
1.5177526577491579e-05
1.4798353492969166e-05
1.442407288576586e-05
1.4054682363975543e-05
1.3690041564545438e-05
1.3330153594188349e-05
1.2975155848806222e-05
1.262504591705016e-05
1.2279625452056922e-05
1.1939093473137957e-05
1.1603384081054074e-05
1.1272435045726545e-05
1.0946434351004342e-05
1.062519464818841e-05
1.0308719003732092e-05
9.997128239840058e-06
9.690419901538586e-06
9.388420401715974e-06
9.091303915994067e-06
8.799012770394424e-06
8.511601532994531e-06
8.228907625269094e-06
7.951094176930976e-06
7.678107171088522e-06
7.409896262949162e-06
7.14661353794048e-06
6.888107424492945e-06
6.634380930492165e-06
6.385530922137228e-06
6.141554881784056e-06
5.902315009678402e-06
5.667949572758096e-06
5.438412785715302e-06
5.2136625370204775e-06
4.99382604427466e-06
4.7787765197118e-06
4.568516930378644e-06
4.363127547939508e-06
4.1626058116008e-06
3.966875526006941e-06
3.7759396399779377e-06
3.589871047891824e-06
3.4086671698400905e-06
3.232226015935716e-06
3.0606499218446825e-06
2.8939049984133547e-06
2.731961032176322e-06
2.574909303698289e-06
2.4226588408275684e-06
2.275212551212241e-06
2.132626726030623e-06
1.994898742516127e-06
1.8619514125049058e-06
1.733862185855986e-06
1.6106054126253933e-06
1.4922033045976224e-06
1.3785896984131601e-06
1.2698309817486125e-06
1.1659051671348425e-06
1.0667939441127983e-06
9.725526412956986e-07
8.83126117007596e-07
7.985172190295292e-07
7.187582488459021e-07
6.438465221560163e-07
5.737406854316313e-07
5.084822324030736e-07
4.4805741751183237e-07
3.9245617276285893e-07
3.417089311404109e-07
2.957853624807605e-07
2.5469563759428215e-07
2.1843335202068048e-07
1.8701787337684073e-07
1.604298994761777e-07
1.3867221776604766e-07
1.217531347616485e-07
1.0966990506011687e-07
1.0241701653077029e-07
