[0.4264591634273529, 0.7926661372184753, 0.36140719056129456, 0.8511999845504761]
[0.35111838579177856, 0.846996009349823, 0.3237070143222809, 0.8511999845504761]
[0.3332093060016632, 0.8471060991287231, 0.31993257999420166, 0.8496000170707703]
[0.32522398233413696, 0.8493067622184753, 0.3134719133377075, 0.8568000197410583]
[0.32644790410995483, 0.8496919274330139, 0.32141149044036865, 0.8396000266075134]
[0.3234672546386719, 0.8493893146514893, 0.31017109751701355, 0.8564000129699707]
[0.3217485845088959, 0.849856972694397, 0.308571457862854, 0.8564000129699707]
[0.3201179802417755, 0.8512048721313477, 0.307686448097229, 0.8600000143051147]
[0.31968429684638977, 0.8516175150871277, 0.30944696068763733, 0.857200026512146]
[0.3208863437175751, 0.8521401882171631, 0.31109529733657837, 0.86080002784729]
[0.3112115263938904, 0.8565415740013123, 0.30582278966903687, 0.8579999804496765]
[0.30929693579673767, 0.8612180948257446, 0.30430591106414795, 0.8587999939918518]
[0.3083290457725525, 0.8582196235656738, 0.31244102120399475, 0.8579999804496765]
[0.30557969212532043, 0.8581646084785461, 0.30445536971092224, 0.8532000184059143]
[0.30720072984695435, 0.8564590811729431, 0.3046417832374573, 0.8579999804496765]
[0.30603015422821045, 0.8607229590415955, 0.3086619973182678, 0.8579999804496765]
[0.3025122880935669, 0.8607779741287231, 0.30268871784210205, 0.8568000197410583]
[0.3015753924846649, 0.8627861142158508, 0.3018794059753418, 0.86080002784729]
[0.2983395457267761, 0.8638039231300354, 0.30379733443260193, 0.8615999817848206]
[0.2957991361618042, 0.8638864159584045, 0.30594146251678467, 0.8564000129699707]
[0.29232725501060486, 0.8623184561729431, 0.3028923273086548, 0.8579999804496765]
[0.29174309968948364, 0.8632537126541138, 0.3055587708950043, 0.852400004863739]
[0.29044902324676514, 0.8650143146514893, 0.3069108724594116, 0.8568000197410583]
[0.2915198504924774, 0.8655094504356384, 0.3082933723926544, 0.8555999994277954]
[0.29257985949516296, 0.8630061745643616, 0.304261177778244, 0.86080002784729]
[0.2936273217201233, 0.8648767471313477, 0.30721619725227356, 0.8568000197410583]
[0.2845514416694641, 0.86677485704422, 0.307905912399292, 0.8539999723434448]
[0.2879188060760498, 0.8657020330429077, 0.3073307275772095, 0.8592000007629395]
[0.2897008955478668, 0.86564701795578, 0.3066263794898987, 0.8560000061988831]
[0.2888169288635254, 0.865894615650177, 0.3069760203361511, 0.8560000061988831]
